79 33 634
98 46 757
48 45 999
60 19 775
5 83 670
95 13 814
33 38 257
52 51 745
53 16 557
39 81 460
37 8 44
93 88 997
67 36 911
4 96 858
98 23 989
43 87 464
100 69 601
5 60 755
79 46 650
77 85 200
83 16 738
21 41 283
94 25 401
80 90 325
60 32 338
2 27 550
22 5 885
54 74 653
73 87 57
66 48 412
45 25 146
86 26 266
85 61 714
78 22 100
43 64 809
96 76 476
55 38 585
47 34 651
67 49 824
24 87 385
71 19 738
16 83 967
35 96 615
76 97 786
82 28 115
40 31 658
5 73 820
81 68 233
53 6 32
11 89 100
45 2 375
2 40 730
67 26 699
12 90 457
78 35 127
64 100 25
89 44 243
16 60 70
55 51 467
48 12 497
100 59 623
46 88 191
58 62 135
75 2 621
61 67 825
41 9 251
73 41 85
52 18 164
93 19 109
58 98 679
30 79 444
73 77 499
12 67 440
13 32 983
37 11 298
51 58 227
24 41 464
87 97 925
45 100 418
79 13 117
5 27 33
29 12 632
69 48 445
21 8 258
80 57 839
92 68 210
6 28 508
38 97 977
42 67 684
61 80 446
81 58 671
54 41 426
27 87 61
66 15 479
51 35 530
22 8 178
12 80 583
99 48 189
59 12 175
78 25 161
64 90 27
68 60 471
100 49 460
58 52 501
9 47 568
69 61 139
39 38 450
44 4 972
30 69 401
51 12 989
94 90 25
12 57 475
32 35 431
23 66 57
95 91 321
28 1 487
53 94 347
5 17 276
37 86 348
58 29 814
76 77 455
77 42 738
69 38 929
26 76 651
82 93 237
61 70 804
74 9 65
24 8 162
83 94 399
13 35 960
99 38 988
45 67 955
24 44 577
70 11 721
65 45 712
36 18 886
26 53 738
92 35 447
77 55 966
31 24 110
83 71 397
54 44 201
95 45 800
96 10 909
84 72 63
47 4 184
45 80 972
46 45 942
5 7 546
65 58 973
9 14 527
61 24 269
80 37 225
59 100 166
30 36 779
63 70 805
94 57 378
20 28 353
11 59 696
83 84 572
41 87 737
53 61 950
37 53 780
65 35 650
80 14 560
86 94 428
98 68 460
70 86 662
15 70 622
18 75 722
19 40 16
20 5 354
91 65 802
75 57 193
95 35 787
87 31 801
52 73 603
13 2 223
44 69 249
4 33 206
65 12 44
10 76 74
16 7 799
2 72 213
76 21 290
74 97 5
92 2 308
32 100 693
58 9 536
98 45 486
68 53 935
7 43 57
67 94 783
18 52 735
11 13 804
30 26 821
63 60 623
75 34 962
6 83 267
41 77 544
87 44 370
33 73 796
34 38 390
65 25 993
43 86 527
15 24 308
80 4 378
18 29 872
79 45 705
17 70 602
83 15 838
7 56 659
19 30 558
60 31 262
6 60 314
95 25 607
33 50 960
56 33 599
22 40 235
14 36 28
66 83 518
24 86 913
3 63 139
90 31 256
79 58 729
30 16 95
82 63 764
75 24 497
94 37 798
40 66 813
41 31 993
60 44 948
10 43 588
56 10 645
2 39 409
45 37 179
86 38 243
32 67 48
97 47 71
66 96 381
91 9 788
63 27 98
9 56 634
55 86 899
48 47 859
92 90 57
11 16 541
10 20 359
95 15 927
62 67 329
37 10 862
97 24 32
76 1 272
59 34 956
4 98 725
32 80 443
51 93 901
82 17 292
5 62 354
17 73 604
91 22 755
9 69 852
75 14 611
44 26 978
81 93 771
85 63 160
37 23 69
32 57 698
24 53 47
57 1 354
70 20 734
100 48 918
21 20 596
92 80 231
42 79 176
2 6 250
62 57 522
27 99 465
20 60 722
31 69 821
32 34 844
84 81 753
54 89 782
95 90 531
96 55 550
55 17 820
20 96 421
86 41 513
13 57 480
90 11 557
96 91 569
55 53 945
88 87 245
99 96 49
100 61 469
46 90 966
63 30 569
9 59 132
75 4 399
62 34 875
7 98 134
25 3 350
93 21 624
51 24 778
42 92 644
2 19 443
8 99 894
12 69 624
4 65 241
78 14 227
84 94 86
89 23 955
55 30 182
96 68 911
17 40 34
28 49 922
50 73 654
42 69 996
62 47 114
31 59 596
97 4 8
53 83 167
59 14 325
70 23 160
16 52 498
57 53 817
36 30 624
15 92 519
21 23 544
81 37 298
19 62 950
93 11 564
39 40 256
44 6 468
10 13 52
23 32 341
2 9 15
75 79 123
54 56 482
41 86 456
87 53 814
11 94 37
12 59 836
32 37 607
64 69 571
36 7 447
45 92 788
46 57 328
37 88 695
38 53 401
58 31 901
9 26 267
50 27 553
40 13 942
80 49 29
73 10 67
79 90 63
50 63 601
42 59 530
19 75 659
20 40 364
85 20 85
13 1 364
4 32 93
51 27 263
43 23 67
87 66 240
45 69 318
46 34 974
64 82 903
17 7 884
57 43 648
76 56 665
98 80 410
70 98 979
81 27 92
26 91 76
30 61 869
83 73 921
75 69 609
94 82 744
64 59 44
47 6 815
88 44 911
100 18 770
86 83 643
92 14 195
78 79 859
97 92 774
98 57 923
3 85 984
49 52 989
69 30 247
15 59 20
55 95 218
11 25 100
98 93 423
63 72 308
83 50 258
29 79 646
75 46 265
95 24 295
60 66 956
6 95 160
31 39 596
41 89 459
33 85 308
93 99 345
85 95 757
97 69 335
22 75 831
61 3 463
80 16 141
27 10 849
59 79 302
7 68 775
23 12 852
96 2 496
46 1 342
10 78 726
57 10 479
49 6 740
22 52 305
67 60 72
92 4 124
78 69 99
70 65 177
55 85 375
61 16 303
8 10 403
29 69 848
48 82 951
94 49 944
41 43 969
87 10 19
12 16 188
34 40 432
93 89 655
99 20 581
97 59 997
98 24 338
43 88 310
77 1 377
22 65 491
35 84 623
68 32 285
7 22 728
18 31 187
30 5 76
63 39 230
83 17 534
94 26 581
11 28 312
23 2 730
83 53 358
84 18 528
75 49 172
87 23 152
22 42 157
14 38 165
66 85 127
18 8 4
97 72 623
35 97 588
55 75 281
59 82 775
30 18 220
17 85 198
9 81 741
82 65 728
83 30 216
69 95 861
48 72 217
21 55 191
94 39 288
60 46 594
3 6 780
22 19 865
66 62 877
78 36 975
23 100 96
89 45 325
15 16 223
1 81 907
16 97 988
90 46 714
5 87 452
52 19 711
25 38 164
84 93 77
55 29 648
74 79 99
26 2 11
4 100 538
78 49 250
35 87 542
1 94 835
88 99 778
5 64 506
6 29 839
92 69 130
63 42 869
77 89 650
50 72 575
33 19 551
39 62 10
62 82 368
54 78 243
31 94 922
59 13 387
23 90 548
35 64 83
36 29 889
59 49 478
18 11 547
17 52 623
63 19 634
9 48 216
94 6 959
60 13 976
18 96 867
25 28 491
39 75 836
85 42 988
59 26 756
4 90 683
24 68 712
90 13 417
35 77 689
76 78 976
17 29 996
96 93 559
88 89 682
6 19 210
42 58 239
21 35 293
80 84 452
81 49 444
8 65 709
27 78 63
74 10 67
93 23 924
44 18 994
85 19 471
30 83 954
10 25 311
83 95 515
2 21 418
20 75 938
13 36 33
59 3 7
89 25 445
96 70 373
88 66 324
47 28 75
65 82 570
29 16 255
15 81 35
21 12 220
7 77 101
60 3 590
91 76 467
61 84 114
62 49 651
93 36 441
66 19 735
32 26 288
89 2 847
35 31 276
13 49 344
17 19 124
48 6 725
80 38 594
26 67 991
5 44 767
42 48 833
27 68 92
11 60 973
85 9 523
12 25 58
32 3 397
91 89 184
51 16 66
84 50 155
95 59 101
41 88 33
87 55 823
1 15 483
12 61 252
53 62 355
13 26 787
65 36 817
10 100 224
16 31 808
76 45 849
28 5 867
47 18 804
34 85 105
53 98 752
37 90 53
58 33 991
50 29 971
68 77 353
15 71 808
21 2 407
62 3 247
27 45 845
30 50 791
91 66 986
29 91 349
8 68 896
54 35 88
23 47 329
16 8 491
99 42 579
68 54 306
67 95 734
27 22 809
70 100 726
42 38 862
19 54 789
39 32 275
11 50 432
84 40 506
87 45 961
60 91 662
25 70 404
99 19 338
53 52 70
64 61 842
24 25 216
80 5 573
5 11 86
78 81 59
57 58 317
58 23 131
3 87 644
77 36 909
49 54 388
90 55 38
81 6 258
11 27 666
31 5 329
90 91 831
94 61 259
54 25 318
52 64 237
96 27 165
1 18 297
44 96 385
43 100 697
89 67 774
86 98 83
18 43 941
36 97 989
82 64 784
19 44 727
60 45 349
72 19 937
4 1 123
21 90 771
96 4 803
41 68 726
73 100 104
34 29 830
25 60 765
93 78 348
72 55 676
64 51 971
10 80 739
56 47 601
49 8 880
14 50 564
46 39 606
16 96 979
50 9 315
36 74 722
61 18 443
27 25 900
92 91 319
71 68 674
63 64 665
29 71 453
48 84 140
21 67 574
94 51 54
52 54 687
53 19 75
76 2 398
54 100 625
66 74 1
45 51 55
38 12 169
51 94 587
57 25 345
98 26 373
43 90 489
89 57 696
1 93 437
7 24 90
26 37 259
36 87 459
75 15 660
94 28 752
6 64 122
52 31 330
64 5 727
10 34 682
87 25 677
64 41 352
10 70 191
15 5 108
26 14 262
97 74 410
24 90 275
71 22 783
36 64 21
47 73 3
100 85 116
17 87 679
21 57 9
41 35 212
6 77 647
53 9 152
64 18 870
12 93 601
24 67 964
3 44 848
43 80 42
90 12 314
35 76 368
82 8 637
96 92 938
1 83 107
100 62 328
71 35 591
36 77 709
9 60 586
83 9 116
94 18 612
100 98 190
60 25 701
62 71 838
8 100 309
74 45 624
93 58 760
25 40 237
45 18 637
85 54 284
2 56 14
43 57 316
13 71 143
78 51 525
24 80 16
65 81 30
71 12 479
16 76 503
82 21 513
5 66 62
50 74 731
69 87 779
29 51 940
27 90 913
33 21 684
93 35 694
11 82 556
85 31 692
64 8 642
56 4 620
22 11 329
20 87 759
66 54 44
67 19 297
31 96 596
72 97 130
78 28 263
23 92 564
24 57 852
43 70 971
90 2 484
1 73 26
65 94 367
71 25 525
49 86 438
68 99 105
80 73 502
40 37 447
7 89 225
60 15 455
44 7 520
58 91 317
30 72 447
10 14 824
8 90 3
94 93 532
74 35 260
19 99 208
39 77 707
85 44 442
86 9 868
13 25 577
24 34 745
24 70 993
71 2 961
76 80 882
82 11 623
28 40 213
88 91 468
26 79 189
90 100 266
69 77 51
27 80 474
20 41 365
39 54 724
51 28 120
2 23 446
22 1 440
96 36 471
1 27 14
87 67 550
84 98 504
1 63 919
34 97 399
38 67 163
77 58 201
62 15 783
80 63 872
81 28 381
73 24 196
93 2 692
39 31 437
71 100 802
31 27 759
63 96 184
54 47 260
95 48 794
74 25 536
39 67 705
32 28 422
23 59 809
87 80 320
53 87 333
64 96 680
65 61 331
37 79 722
56 92 358
77 35 294
82 1 508
69 31 277
40 4 934
26 69 323
46 84 649
92 51 180
38 80 860
48 93 209
30 75 526
83 87 128
88 22 214
33 86 9
53 64 737
72 77 109
78 8 447
70 4 429
76 47 732
77 12 589
22 76 804
68 43 159
86 97 378
78 93 333
50 31 856
68 79 121
21 4 992
62 5 845
61 40 970
23 13 962
29 93 425
95 38 237
74 15 395
11 75 90
4 36 868
72 54 302
55 1 576
53 77 462
25 95 470
97 83 271
58 12 389
49 43 566
50 8 425
77 25 342
6 1 887
30 29 433
19 56 275
60 57 468
75 73 270
95 51 546
60 93 525
33 76 363
34 41 537
53 54 127
93 90 370
45 50 719
57 24 226
3 53 887
26 36 993
67 74 687
18 32 970
78 83 540
38 47 958
58 25 786
3 89 657
89 92 144
90 57 460
69 34 115
82 53 371
61 30 94
19 33 477
83 54 691
94 63 99
41 57 517
87 24 865
52 66 485
4 26 753
72 44 825
2 65 709
22 43 970
96 29 266
34 54 225
66 86 4
99 34 213
57 37 485
69 11 217
61 7 791
78 96 912
17 86 667
21 56 931
60 47 927
52 43 35
23 16 31
95 41 928
87 37 551
33 66 610
99 11 869
2 78 860
49 10 739
66 99 660
13 93 620
98 51 612
16 98 426
36 76 316
48 50 716
5 88 970
63 66 483
29 73 518
75 40 570
4 16 142
64 30 938
37 13 12
76 4 51
69 1 474
55 66 23
15 30 217
27 4 446
18 35 838
9 72 408
94 30 538
6 66 769
54 79 396
33 56 228
31 95 845
56 39 134
97 40 158
3 33 449
89 36 986
55 43 474
66 89 357
13 83 145
59 50 783
78 63 870
98 41 161
70 59 118
9 49 590
29 27 641
50 86 956
42 82 480
41 37 795
87 4 462
25 29 76
44 42 692
31 72 347
2 45 44
54 92 392
20 99 175
85 79 717
4 91 492
70 36 523
35 78 537
88 90 683
46 93 53
38 89 604
41 14 530
60 27 764
30 84 100
42 95 688
54 69 718
39 89 367
37 16 169
23 81 69
70 13 718
89 26 657
35 55 857
96 71 997
18 2 944
70 49 56
90 27 581
36 56 607
82 23 940
9 39 505
68 88 444
48 30 956
100 77 893
60 4 488
58 80 301
50 76 293
10 3 248
20 53 750
66 20 158
39 66 85
30 97 309
2 35 6
14 9 800
66 56 348
4 81 739
32 63 958
23 94 688
98 8 60
16 55 991
56 91 512
17 20 824
55 46 324
96 84 42
6 10 754
65 96 96
38 79 947
17 56 945
49 88 450
50 53 253
77 70 804
7 91 394
27 69 132
44 9 758
10 16 594
85 46 177
4 58 548
51 53 326
96 61 641
55 23 436
45 95 702
92 27 959
77 47 480
28 42 918
40 16 307
5 58 189
6 23 568
58 70 952
82 98 29
54 36 784
73 49 997
66 10 929
85 23 564
30 87 731
31 52 951
24 13 855
33 98 744
12 75 910
13 40 649
99 43 661
78 20 503
80 29 275
5 35 838
46 73 60
65 86 489
57 82 523
58 47 13
69 56 185
61 52 569
31 29 483
91 80 260
83 76 546
84 41 33
54 49 983
20 56 92
52 88 53
31 65 950
24 26 154
64 62 233
16 22 830
1 42 378
87 82 529
53 89 508
46 50 458
65 63 244
38 46 251
56 94 275
97 95 7
3 88 901
50 20 143
15 62 979
40 6 833
80 42 324
26 71 391
79 83 189
90 92 917
42 52 576
93 17 863
20 33 59
6 98 206
72 43 585
4 25 224
83 89 93
43 16 759
84 54 564
35 12 788
96 28 470
87 59 577
25 84 271
44 97 245
72 79 646
70 6 555
16 35 477
76 49 317
36 13 146
68 45 770
67 86 939
5 25 98
92 30 953
38 59 15
78 95 26
98 73 93
50 33 647
69 46 463
54 3 705
20 10 792
39 23 197
12 6 635
63 88 599
83 66 886
84 31 94
29 95 423
21 91 356
41 69 584
44 74 194
16 12 332
56 48 132
76 26 92
96 41 476
22 55 881
53 79 308
56 84 217
49 45 196
22 91 719
14 87 97
26 61 698
63 65 383
29 72 615
75 39 914
48 85 718
52 55 428
35 2 143
95 53 619
93 92 770
44 87 655
51 95 230
15 29 792
7 25 280
67 76 7
58 27 968
81 10 460
73 6 836
23 5 96
82 91 439
84 21 67
94 65 909
25 51 89
45 29 976
10 71 452
56 38 705
2 67 146
68 12 505
25 87 508
37 61 858
38 26 828
78 62 956
57 39 385
58 4 520
98 40 711
49 35 914
14 77 469
55 78 741
15 42 812
59 85 259
78 98 570
11 8 408
91 37 696
9 84 886
28 97 751
95 7 58
33 32 551
12 9 571
4 5 702
72 23 516
10 48 409
96 8 342
33 68 267
53 46 119
66 65 778
99 13 449
45 42 168
93 82 279
65 20 884
2 80 239
3 45 870
78 75 590
98 53 28
70 71 308
91 14 768
36 78 928
42 9 368
40 48 767
19 25 328
100 99 253
11 21 358
6 55 79
9 97 72
62 72 104
73 81 917
25 41 903
93 59 825
85 55 891
22 35 431
67 43 609
86 56 491
18 1 235
59 39 810
78 52 986
97 65 962
43 94 238
90 26 734
35 90 773
28 51 279
47 64 904
91 27 529
83 23 381
69 88 457
60 39 500
25 18 86
64 9 820
62 85 319
22 12 431
73 94 368
93 72 640
12 84 146
57 6 907
98 7 714
3 35 440
49 2 818
89 38 175
96 83 703
67 56 838
13 85 791
18 14 178
99 88 123
65 95 890
98 43 661
28 64 922
6 45 974
44 8 630
61 97 118
53 13 480
93 49 739
25 31 824
10 51 285
56 18 233
23 70 409
14 21 326
36 45 490
82 12 656
55 58 898
48 19 723
40 15 321
17 68 635
58 69 954
49 100 301
83 13 328
50 65 764
69 78 194
54 71 532
20 78 31
13 39 851
51 65 90
16 44 840
88 69 354
59 42 414
16 80 762
76 94 246
49 77 153
9 41 447
82 25 766
48 32 176
80 64 908
52 2 505
50 78 925
20 55 437
39 68 376
85 35 283
11 86 771
95 85 824
96 50 430
13 52 187
99 55 822
53 88 463
65 62 413
28 31 297
1 77 303
100 56 916
57 94 209
77 72 121
50 55 887
9 54 429
42 51 449
62 29 779
8 58 545
33 2 859
30 76 981
91 92 867
8 94 631
94 97 721
66 35 722
12 64 545
4 60 754
72 78 450
43 51 550
36 12 473
88 59 531
46 62 973
3 100 272
28 44 334
7 70 298
38 94 216
50 68 470
62 42 835
8 71 116
54 38 701
60 81 651
66 12 112
11 76 837
85 25 840
30 89 611
31 54 458
35 24 74
34 65 525
13 42 337
99 45 648
4 73 969
53 78 186
24 51 392
37 70 630
3 77 389
69 22 824
88 72 718
15 87 873
8 48 404
54 15 269
91 82 370
2 4 8
43 5 549
75 74 998
94 87 639
60 94 831
66 25 221
52 90 818
13 19 970
44 86 589
65 29 987
56 60 974
34 78 191
37 83 107
57 61 707
50 22 809
14 99 600
61 31 679
80 44 656
8 25 734
90 94 252
91 59 405
83 55 204
8 61 235
95 29 995
20 35 524
72 45 278
23 40 895
83 91 267
84 56 277
16 1 946
35 14 466
95 65 115
1 21 481
64 77 717
58 3 639
22 80 477
67 88 522
79 62 189
58 39 949
36 100 442
20 12 205
39 25 703
12 8 737
91 72 887
21 93 365
60 84 884
44 76 461
16 14 153
2 79 811
22 57 898
25 99 99
26 27 663
45 77 115
47 86 760
27 28 711
59 97 213
18 59 978
19 24 137
39 2 563
94 54 508
40 83 519
6 90 75
84 46 728
76 5 224
88 16 80
33 80 304
53 58 810
44 89 386
38 15 123
51 97 665
49 24 627
15 31 587
79 52 740
98 65 772
19 37 147
60 38 68
39 15 843
72 12 363
73 93 37
53 35 678
64 44 418
57 5 744
68 14 211
66 90 951
26 17 342
79 29 763
58 6 430
50 2 323
100 88 86
5 79 123
45 8 857
10 50 944
56 17 692
2 46 112
62 97 850
20 100 903
85 80 994
37 40 230
38 5 14
97 54 605
49 14 887
78 77 27
91 16 221
42 11 321
21 37 469
41 15 364
60 28 507
73 83 982
34 12 87
25 43 378
93 61 511
39 90 220
56 30 793
2 59 266
14 33 423
86 58 66
78 54 834
51 100 871
97 67 190
71 15 396
35 92 489
92 74 289
6 34 507
71 51 991
17 80 919
77 94 680
29 54 390
80 99 799
41 28 697
72 15 948
10 40 914
2 36 971
62 87 501
22 14 828
34 25 258
93 74 798
12 86 242
43 73 423
89 40 24
96 85 159
1 76 304
99 90 423
79 32 214
57 93 250
36 70 183
77 71 263
83 2 671
69 67 992
48 44 291
100 91 460
60 18 439
92 87 957
52 14 525
10 17 378
39 80 799
56 20 168
2 49 342
43 50 235
22 27 967
96 62 525
66 70 979
99 67 681
24 73 897
65 74 29
82 14 643
55 60 347
88 94 209
47 56 998
38 93 440
58 71 25
50 67 342
75 11 401
80 89 779
41 18 671
27 83 105
31 53 175
83 100 377
62 77 504
22 4 905
54 73 990
95 74 822
12 76 585
13 41 596
59 8 200
32 54 397
31 89 18
24 50 817
70 17 116
96 75 826
38 70 162
63 14 172
10 7 463
42 76 262
62 54 731
66 24 528
97 11 500
84 78 729
96 52 593
47 10 997
53 90 944
17 24 395
90 8 905
76 73 932
82 4 505
47 46 331
80 43 74
26 72 960
92 54 224
98 97 893
81 44 914
19 69 318
93 18 187
66 1 828
20 34 773
85 14 454
11 65 993
31 43 277
95 64 47
12 66 983
72 80 722
70 7 259
43 53 855
87 96 829
88 61 497
45 99 127
46 64 411
38 60 65
62 8 687
80 56 147
27 50 980
73 17 763
19 46 750
62 44 665
60 83 412
11 78 639
23 52 675
24 17 155
43 30 685
75 99 164
55 4 708
1 33 275
88 38 857
25 98 488
72 93 464
65 54 304
57 50 105
3 79 892
49 46 166
61 20 185
80 33 711
67 100 516
46 77 300
5 39 468
79 74 270
50 47 235
7 85 502
48 86 768
51 11 859
60 96 142
12 56 799
13 21 985
99 24 500
4 52 444
78 1 887
56 62 400
36 4 152
76 40 694
1 46 117
99 60 966
46 54 319
3 92 612
77 41 962
61 33 901
80 46 668
79 87 838
98 100 481
30 45 8
83 57 560
84 22 729
48 99 278
54 30 537
74 8 175
87 27 678
44 65 356
35 16 65
87 63 907
88 28 157
34 57 160
74 93 784
50 1 424
22 82 340
80 23 90
18 48 828
19 13 425
70 95 81
17 89 483
90 73 875
62 11 886
94 43 700
39 27 336
6 79 383
71 96 564
83 70 565
84 35 842
75 66 164
96 9 387
87 40 508
33 69 235
46 8 184
64 56 555
76 30 24
13 96 754
18 25 13
38 40 848
78 76 639
98 54 524
3 82 287
89 85 815
69 27 144
7 52 548
79 77 896
11 22 793
39 4 495
5 91 275
48 89 705
87 17 765
60 63 492
2 58 71
88 18 781
33 82 492
25 78 119
99 27 858
51 99 94
3 59 925
49 26 220
69 4 91
15 33 957
27 7 605
78 89 649
79 54 977
30 12 228
89 98 486
17 79 828
91 28 4
36 92 635
83 24 610
62 1 17
29 53 937
23 9 345
62 86 226
34 24 146
52 72 980
99 4 39
15 10 834
26 19 350
13 86 607
38 30 206
58 8 920
16 91 149
91 5 790
55 82 40
40 39 937
100 90 266
71 63 81
63 59 303
9 88 839
75 33 183
94 46 945
95 11 870
61 98 328
52 49 246
4 9 522
2 48 26
3 13 811
62 99 47
54 95 582
34 37 473
67 34 809
46 11 747
37 42 336
32 76 83
24 72 231
43 85 636
80 3 539
59 66 524
79 44 368
17 69 791
75 10 458
94 23 124
5 94 279
6 59 365
72 4 811
33 49 582
66 46 234
39 92 104
32 53 328
76 10 619
84 100 747
59 43 803
32 89 535
98 34 974
16 81 355
63 13 871
36 59 688
55 72 667
50 79 790
62 53 586
81 66 227
72 17 194
10 42 109
62 89 29
12 88 297
70 29 189
35 71 78
7 9 428
48 10 540
17 59 69
63 26 36
58 60 435
83 4 115
21 29 353
40 42 893
33 3 111
44 12 516
73 75 530
93 53 356
85 49 421
86 14 404
37 9 687
32 43 946
23 74 824
43 52 335
3 16 446
35 48 514
88 60 421
59 33 197
4 97 905
79 11 574
16 71 725
68 81 189
29 10 563
80 55 399
100 70 564
46 99 784
80 91 831
81 56 975
54 39 853
74 17 618
25 12 363
44 25 657
39 59 706
51 33 388
75 98 267
22 6 630
32 56 354
78 23 391
23 87 334
76 62 107
96 77 565
68 94 506
29 23 507
81 33 676
27 62 552
18 93 468
52 6 342
44 2 873
83 79 56
62 56 105
66 26 102
39 72 421
86 4 469
4 51 148
16 25 319
35 38 788
53 92 153
5 15 81
70 32 611
56 97 820
16 61 682
69 36 916
15 65 300
80 45 104
26 74 122
6 16 893
49 94 199
54 29 989
27 75 923
73 42 941
19 71 298
32 10 93
51 23 669
2 18 935
41 95 200
1 22 717
12 68 131
32 46 317
78 13 38
44 100 445
22 81 782
28 12 299
68 48 902
47 25 179
99 72 751
5 28 911
65 79 160
57 75 941
49 71 894
50 36 654
68 84 261
7 74 638
27 52 466
19 48 186
83 69 702
29 98 562
62 46 748
94 78 540
20 49 411
66 16 789
52 81 167
24 19 731
35 28 766
96 44 397
1 35 391
88 40 157
34 69 326
100 14 531
56 87 717
17 16 853
76 65 538
15 55 474
61 22 862
80 35 255
59 98 324
98 89 984
91 50 234
62 23 718
94 55 380
19 61 686
20 26 607
4 18 565
51 13 908
93 95 723
99 26 193
4 54 310
56 64 85
28 2 464
14 67 315
80 12 238
46 56 188
78 88 106
98 66 686
50 26 220
7 64 210
81 13 801
73 9 371
90 98 277
23 8 859
82 94 543
53 36 656
99 3 439
44 67 773
32 13 681
72 49 642
16 5 559
35 18 419
1 25 635
88 30 384
45 68 528
46 33 513
38 29 113
77 20 791
14 80 34
71 62 587
91 40 544
9 87 247
29 65 420
54 9 928
95 10 164
60 52 76
72 26 732
63 94 625
51 3 438
83 72 297
41 75 155
87 42 470
34 36 187
53 49 294
99 16 536
93 85 961
15 22 916
67 69 996
38 42 327
58 20 572
30 1 175
90 52 983
82 48 444
61 25 541
5 93 123
39 6 630
71 75 415
31 2 691
9 100 440
83 49 44
94 58 987
33 48 380
22 38 301
37 54 326
35 93 163
15 35 386
1 100 471
18 40 750
19 5 78
79 56 533
90 65 639
17 81 100
48 68 110
94 35 26
41 29 275
33 25 88
44 34 485
62 88 918
44 70 46
45 35 375
97 45 305
2 73 182
43 74 805
22 51 12
